
=== READING CORPUS
1,986 full sentences in corpus.

=== PARSING TREE
Found 2,291 phrases of length (5, 6).

=== SYNTH
في حياة المتشرد ستيفن كنت
في مجرور المضاف فلان المعرف

كنت ( 45 عاما )
فلان 10 منصوبا 

التي تجوب كل الولايات الاميركية
التي يفعل المفعول المضاف الموصوف

لا بد ان تكون طويلة
لا منصوب ان تكون الموصوف

كاميرات التلفزيون و عدسات المصورين
المجرور المضاف و الموصوف المضاف

لن اكون متشردا بعد اليوم
لن اكون مفعولا بعد المجرور


=== EMBED
  1.000  0.454  0.905  0.815  0.882  0.849  0.523  0.804  0.815  0.866  =  في حياة المتشرد ستيفن كنت
  0.454  1.000  0.444  0.530  0.435  0.524  0.920  0.414  0.440  0.441  =  كنت ( 45 عاما )
  0.905  0.444  1.000  0.834  0.825  0.847  0.525  0.840  0.841  0.791  =  التي تجوب كل الولايات الاميركية
  0.815  0.530  0.834  1.000  0.821  0.875  0.569  0.823  0.831  0.802  =  لا بد ان تكون طويلة
  0.882  0.435  0.825  0.821  1.000  0.838  0.497  0.833  0.811  0.929  =  كاميرات التلفزيون و عدسات المصورين
  0.849  0.524  0.847  0.875  0.838  1.000  0.598  0.864  0.872  0.845  =  لن اكون متشردا بعد اليوم
  0.523  0.920  0.525  0.569  0.497  0.598  1.000  0.490  0.512  0.482  =  ثلاثين كلم جنوب لوس انجليس
  0.804  0.414  0.840  0.823  0.833  0.864  0.490  1.000  0.894  0.826  =  ل لحصول على الميراث الموعود
  0.815  0.440  0.841  0.831  0.811  0.872  0.512  0.894  1.000  0.819  =  الى منع ه من الصعود
  0.866  0.441  0.791  0.802  0.929  0.845  0.482  0.826  0.819  1.000  =  و ادمان ه على الكحول

=== CLUSTERING
94 clusters found.
Failed to cluster 1,198/2,291 phrases.
