=== READING CORPUS
1,986 full sentences in corpus.
=== PARSING TREE
Found 2,291 phrases of length (5, 6).
=== EMBEDDING SENTENCES
  1.000  0.979  0.981  0.970  0.974  0.972  0.980  0.979  0.983  0.982  =  في حياة المتشرد ستيفن كنت
  0.979  1.000  0.962  0.955  0.953  0.971  0.966  0.962  0.969  0.961  =  كنت ( 45 عاما )
  0.981  0.962  1.000  0.965  0.979  0.971  0.947  0.984  0.987  0.985  =  التي تجوب كل الولايات الاميركية
  0.970  0.955  0.965  1.000  0.958  0.976  0.960  0.970  0.962  0.970  =  لا بد ان تكون طويلة
  0.974  0.953  0.979  0.958  1.000  0.960  0.945  0.978  0.979  0.990  =  كاميرات التلفزيون وعدسات المصورين
  0.972  0.971  0.971  0.976  0.960  1.000  0.946  0.972  0.977  0.970  =  لن اكون متشردا بعد اليوم
  0.980  0.966  0.947  0.960  0.945  0.946  1.000  0.954  0.951  0.952  =  ثلاثين كلم جنوب لوس انجليس
  0.979  0.962  0.984  0.970  0.978  0.972  0.954  1.000  0.991  0.981  =  للحصول على الميراث الموعود
  0.983  0.969  0.987  0.962  0.979  0.977  0.951  0.991  1.000  0.986  =  الى منعه من الصعود
  0.982  0.961  0.985  0.970  0.990  0.970  0.952  0.981  0.986  1.000  =  وادمانه على الكحول
=== CLUSTERING
160 clusters found.
Failed to cluster 735/2,291 phrases.
