
=== READING CORPUS
1,986 full sentences in corpus.

=== PARSING TREE
Found 2,291 phrases of length (5, 6).

=== SYNTH
في حياة المتشرد ستيفن كنت
في مواطنة الموضوع أحمد محمد

كنت ( 45 عاما )
محمد ( 100 مواطنا )

التي تجوب كل الولايات الاميركية
التي تذكر كل المواطنات القولية

لا بد ان تكون طويلة
لا توطين ان تكون قولية

كاميرات التلفزيون و عدسات المصورين
عمليات المواطن و مواطنات المدنيين

لن اكون متشردا بعد اليوم
لن اكون قوليا بعد الموضوع


=== EMBED
  1.000  0.545  0.890  0.818  0.822  0.787  0.774  0.790  0.795  0.802  =  في حياة المتشرد ستيفن كنت
  0.545  1.000  0.518  0.571  0.583  0.564  0.593  0.541  0.602  0.603  =  كنت ( 45 عاما )
  0.890  0.518  1.000  0.872  0.877  0.829  0.832  0.870  0.811  0.815  =  التي تجوب كل الولايات الاميركية
  0.818  0.571  0.872  1.000  0.907  0.915  0.772  0.912  0.898  0.894  =  لا بد ان تكون طويلة
  0.822  0.583  0.877  0.907  1.000  0.871  0.767  0.902  0.858  0.873  =  كاميرات التلفزيون و عدسات المصورين
  0.787  0.564  0.829  0.915  0.871  1.000  0.776  0.885  0.876  0.887  =  لن اكون متشردا بعد اليوم
  0.774  0.593  0.832  0.772  0.767  0.776  1.000  0.796  0.768  0.767  =  ثلاثين كلم جنوب لوس انجليس
  0.790  0.541  0.870  0.912  0.902  0.885  0.796  1.000  0.867  0.883  =  ل لحصول على الميراث الموعود
  0.795  0.602  0.811  0.898  0.858  0.876  0.768  0.867  1.000  0.952  =  الى منع ه من الصعود
  0.802  0.603  0.815  0.894  0.873  0.887  0.767  0.883  0.952  1.000  =  و ادمان ه على الكحول

=== CLUSTERING
60 clusters found.
Failed to cluster 1,409/2,291 phrases.
